"run","stopAt","numStations","probNew","probPerturbationDrop","packetSize","transmissionSpeed","numRelays","minNumRelays","randomSeed","maxNumRelays","probCrash","protocolVersion"
2,500,1,5,0,200,100,3,1,123456,5,5,"RecoveringLoss"
4,500,1,5,0,200,100,3,1,123456,5,5,"RecoveringLoss"
6,500,1,5,0,200,100,3,1,123456,5,5,"RecoveringLoss"
8,500,1,5,0,200,100,3,1,123456,5,5,"RecoveringLoss"
10,500,1,5,0,200,100,3,1,123456,5,5,"RecoveringLoss"
12,500,1,5,0,200,100,3,1,123456,5,5,"RecoveringLoss"
14,500,1,5,0,200,100,3,1,123456,5,5,"RecoveringLoss"
16,500,1,5,0,200,100,3,1,123456,5,5,"RecoveringLoss"
18,500,1,5,0,200,100,3,1,123456,5,5,"RecoveringLoss"
20,500,1,5,0,200,100,3,1,123456,5,5,"RecoveringLoss"
22,500,1,5,0,200,100,3,1,123456,5,5,"RecoveringLoss"
24,500,1,5,0,200,100,3,1,123456,5,5,"RecoveringLoss"
26,500,1,5,0,200,100,3,1,123456,5,5,"RecoveringLoss"
28,500,1,5,0,200,100,3,1,123456,5,5,"RecoveringLoss"
30,500,1,5,0,200,100,3,1,123456,5,5,"RecoveringLoss"
32,500,1,5,0,200,100,3,1,123456,5,5,"RecoveringLoss"
34,500,1,5,0,200,100,3,1,123456,5,5,"RecoveringLoss"
36,500,1,5,0,200,100,3,1,123456,5,5,"RecoveringLoss"
38,500,1,5,0,200,100,3,1,123456,5,5,"RecoveringLoss"
40,500,1,5,0,200,100,3,1,123456,5,5,"RecoveringLoss"
42,500,1,5,0,200,100,3,1,123456,5,5,"RecoveringLoss"
44,500,1,5,0,200,100,3,1,123456,5,5,"RecoveringLoss"
46,500,1,5,0,200,100,3,1,123456,5,5,"RecoveringLoss"
48,500,1,5,0,200,100,3,1,123456,5,5,"RecoveringLoss"
50,500,1,5,0,200,100,3,1,123456,5,5,"RecoveringLoss"
52,500,1,5,0,200,100,3,1,123456,5,5,"RecoveringLoss"
54,500,1,5,0,200,100,3,1,123456,5,5,"RecoveringLoss"
56,500,1,5,0,200,100,3,1,123456,5,5,"RecoveringLoss"
58,500,1,5,0,200,100,3,1,123456,5,5,"RecoveringLoss"
60,500,1,5,0,200,100,3,1,123456,5,5,"RecoveringLoss"
62,500,1,5,0,200,100,3,1,123456,5,5,"RecoveringLoss"
64,500,1,5,0,200,100,3,1,123456,5,5,"RecoveringLoss"
66,500,1,5,0,200,100,3,1,123456,5,5,"RecoveringLoss"
68,500,1,5,0,200,100,3,1,123456,5,5,"RecoveringLoss"
70,500,1,5,0,200,100,3,1,123456,5,5,"RecoveringLoss"
72,500,1,5,0,200,100,3,1,123456,5,5,"RecoveringLoss"
74,500,1,5,0,200,100,3,1,123456,5,5,"RecoveringLoss"
76,500,1,5,0,200,100,3,1,123456,5,5,"RecoveringLoss"
78,500,1,5,0,200,100,3,1,123456,5,5,"RecoveringLoss"
80,500,1,5,0,200,100,3,1,123456,5,5,"RecoveringLoss"
82,500,1,5,0,200,100,3,1,123456,5,5,"RecoveringLoss"
84,500,1,5,0,200,100,3,1,123456,5,5,"RecoveringLoss"
86,500,1,5,0,200,100,3,1,123456,5,5,"RecoveringLoss"
88,500,1,5,0,200,100,3,1,123456,5,5,"RecoveringLoss"
90,500,1,5,0,200,100,3,1,123456,5,5,"RecoveringLoss"
92,500,1,5,0,200,100,3,1,123456,5,5,"RecoveringLoss"
94,500,1,5,0,200,100,3,1,123456,5,5,"RecoveringLoss"
96,500,1,5,0,200,100,3,1,123456,5,5,"RecoveringLoss"
98,500,1,5,0,200,100,3,1,123456,5,5,"RecoveringLoss"
100,500,1,5,0,200,100,3,1,123456,5,5,"RecoveringLoss"
1,500,1,5,0,200,100,3,1,123456,5,5,"RecoveringLoss"
3,500,1,5,0,200,100,3,1,123456,5,5,"RecoveringLoss"
5,500,1,5,0,200,100,3,1,123456,5,5,"RecoveringLoss"
7,500,1,5,0,200,100,3,1,123456,5,5,"RecoveringLoss"
9,500,1,5,0,200,100,3,1,123456,5,5,"RecoveringLoss"
11,500,1,5,0,200,100,3,1,123456,5,5,"RecoveringLoss"
13,500,1,5,0,200,100,3,1,123456,5,5,"RecoveringLoss"
15,500,1,5,0,200,100,3,1,123456,5,5,"RecoveringLoss"
17,500,1,5,0,200,100,3,1,123456,5,5,"RecoveringLoss"
19,500,1,5,0,200,100,3,1,123456,5,5,"RecoveringLoss"
21,500,1,5,0,200,100,3,1,123456,5,5,"RecoveringLoss"
23,500,1,5,0,200,100,3,1,123456,5,5,"RecoveringLoss"
25,500,1,5,0,200,100,3,1,123456,5,5,"RecoveringLoss"
27,500,1,5,0,200,100,3,1,123456,5,5,"RecoveringLoss"
29,500,1,5,0,200,100,3,1,123456,5,5,"RecoveringLoss"
31,500,1,5,0,200,100,3,1,123456,5,5,"RecoveringLoss"
33,500,1,5,0,200,100,3,1,123456,5,5,"RecoveringLoss"
35,500,1,5,0,200,100,3,1,123456,5,5,"RecoveringLoss"
37,500,1,5,0,200,100,3,1,123456,5,5,"RecoveringLoss"
39,500,1,5,0,200,100,3,1,123456,5,5,"RecoveringLoss"
41,500,1,5,0,200,100,3,1,123456,5,5,"RecoveringLoss"
43,500,1,5,0,200,100,3,1,123456,5,5,"RecoveringLoss"
45,500,1,5,0,200,100,3,1,123456,5,5,"RecoveringLoss"
47,500,1,5,0,200,100,3,1,123456,5,5,"RecoveringLoss"
49,500,1,5,0,200,100,3,1,123456,5,5,"RecoveringLoss"
51,500,1,5,0,200,100,3,1,123456,5,5,"RecoveringLoss"
53,500,1,5,0,200,100,3,1,123456,5,5,"RecoveringLoss"
55,500,1,5,0,200,100,3,1,123456,5,5,"RecoveringLoss"
57,500,1,5,0,200,100,3,1,123456,5,5,"RecoveringLoss"
59,500,1,5,0,200,100,3,1,123456,5,5,"RecoveringLoss"
61,500,1,5,0,200,100,3,1,123456,5,5,"RecoveringLoss"
63,500,1,5,0,200,100,3,1,123456,5,5,"RecoveringLoss"
65,500,1,5,0,200,100,3,1,123456,5,5,"RecoveringLoss"
67,500,1,5,0,200,100,3,1,123456,5,5,"RecoveringLoss"
69,500,1,5,0,200,100,3,1,123456,5,5,"RecoveringLoss"
71,500,1,5,0,200,100,3,1,123456,5,5,"RecoveringLoss"
73,500,1,5,0,200,100,3,1,123456,5,5,"RecoveringLoss"
75,500,1,5,0,200,100,3,1,123456,5,5,"RecoveringLoss"
77,500,1,5,0,200,100,3,1,123456,5,5,"RecoveringLoss"
79,500,1,5,0,200,100,3,1,123456,5,5,"RecoveringLoss"
81,500,1,5,0,200,100,3,1,123456,5,5,"RecoveringLoss"
83,500,1,5,0,200,100,3,1,123456,5,5,"RecoveringLoss"
85,500,1,5,0,200,100,3,1,123456,5,5,"RecoveringLoss"
87,500,1,5,0,200,100,3,1,123456,5,5,"RecoveringLoss"
89,500,1,5,0,200,100,3,1,123456,5,5,"RecoveringLoss"
91,500,1,5,0,200,100,3,1,123456,5,5,"RecoveringLoss"
93,500,1,5,0,200,100,3,1,123456,5,5,"RecoveringLoss"
95,500,1,5,0,200,100,3,1,123456,5,5,"RecoveringLoss"
97,500,1,5,0,200,100,3,1,123456,5,5,"RecoveringLoss"
99,500,1,5,0,200,100,3,1,123456,5,5,"RecoveringLoss"
