"run","stopAt","numStations","probNew","probPerturbationDrop","packetSize","transmissionSpeed","numRelays","minNumRelays","randomSeed","maxNumRelays","probCrash","protocolVersion"
2,500,1,0,0,100,100,3,1,123456,5,0,"DynamicNetwork"
4,500,1,0,0,100,100,3,1,123456,5,0,"DynamicNetwork"
6,500,1,0,0,100,100,3,1,123456,5,0,"DynamicNetwork"
8,500,1,0,0,100,100,3,1,123456,5,0,"DynamicNetwork"
10,500,1,0,0,100,100,3,1,123456,5,0,"DynamicNetwork"
12,500,1,0,0,100,100,3,1,123456,5,0,"DynamicNetwork"
14,500,1,0,0,100,100,3,1,123456,5,0,"DynamicNetwork"
16,500,1,0,0,100,100,3,1,123456,5,0,"DynamicNetwork"
18,500,1,0,0,100,100,3,1,123456,5,0,"DynamicNetwork"
20,500,1,0,0,100,100,3,1,123456,5,0,"DynamicNetwork"
22,500,1,0,0,100,100,3,1,123456,5,0,"DynamicNetwork"
24,500,1,0,0,100,100,3,1,123456,5,0,"DynamicNetwork"
26,500,1,0,0,100,100,3,1,123456,5,0,"DynamicNetwork"
28,500,1,0,0,100,100,3,1,123456,5,0,"DynamicNetwork"
30,500,1,0,0,100,100,3,1,123456,5,0,"DynamicNetwork"
32,500,1,0,0,100,100,3,1,123456,5,0,"DynamicNetwork"
34,500,1,0,0,100,100,3,1,123456,5,0,"DynamicNetwork"
36,500,1,0,0,100,100,3,1,123456,5,0,"DynamicNetwork"
38,500,1,0,0,100,100,3,1,123456,5,0,"DynamicNetwork"
40,500,1,0,0,100,100,3,1,123456,5,0,"DynamicNetwork"
42,500,1,0,0,100,100,3,1,123456,5,0,"DynamicNetwork"
44,500,1,0,0,100,100,3,1,123456,5,0,"DynamicNetwork"
46,500,1,0,0,100,100,3,1,123456,5,0,"DynamicNetwork"
48,500,1,0,0,100,100,3,1,123456,5,0,"DynamicNetwork"
50,500,1,0,0,100,100,3,1,123456,5,0,"DynamicNetwork"
52,500,1,0,0,100,100,3,1,123456,5,0,"DynamicNetwork"
54,500,1,0,0,100,100,3,1,123456,5,0,"DynamicNetwork"
56,500,1,0,0,100,100,3,1,123456,5,0,"DynamicNetwork"
58,500,1,0,0,100,100,3,1,123456,5,0,"DynamicNetwork"
60,500,1,0,0,100,100,3,1,123456,5,0,"DynamicNetwork"
62,500,1,0,0,100,100,3,1,123456,5,0,"DynamicNetwork"
64,500,1,0,0,100,100,3,1,123456,5,0,"DynamicNetwork"
66,500,1,0,0,100,100,3,1,123456,5,0,"DynamicNetwork"
68,500,1,0,0,100,100,3,1,123456,5,0,"DynamicNetwork"
70,500,1,0,0,100,100,3,1,123456,5,0,"DynamicNetwork"
72,500,1,0,0,100,100,3,1,123456,5,0,"DynamicNetwork"
74,500,1,0,0,100,100,3,1,123456,5,0,"DynamicNetwork"
76,500,1,0,0,100,100,3,1,123456,5,0,"DynamicNetwork"
78,500,1,0,0,100,100,3,1,123456,5,0,"DynamicNetwork"
80,500,1,0,0,100,100,3,1,123456,5,0,"DynamicNetwork"
82,500,1,0,0,100,100,3,1,123456,5,0,"DynamicNetwork"
84,500,1,0,0,100,100,3,1,123456,5,0,"DynamicNetwork"
86,500,1,0,0,100,100,3,1,123456,5,0,"DynamicNetwork"
88,500,1,0,0,100,100,3,1,123456,5,0,"DynamicNetwork"
90,500,1,0,0,100,100,3,1,123456,5,0,"DynamicNetwork"
92,500,1,0,0,100,100,3,1,123456,5,0,"DynamicNetwork"
94,500,1,0,0,100,100,3,1,123456,5,0,"DynamicNetwork"
96,500,1,0,0,100,100,3,1,123456,5,0,"DynamicNetwork"
98,500,1,0,0,100,100,3,1,123456,5,0,"DynamicNetwork"
100,500,1,0,0,100,100,3,1,123456,5,0,"DynamicNetwork"
1,500,1,0,0,100,100,3,1,123456,5,0,"DynamicNetwork"
3,500,1,0,0,100,100,3,1,123456,5,0,"DynamicNetwork"
5,500,1,0,0,100,100,3,1,123456,5,0,"DynamicNetwork"
7,500,1,0,0,100,100,3,1,123456,5,0,"DynamicNetwork"
9,500,1,0,0,100,100,3,1,123456,5,0,"DynamicNetwork"
11,500,1,0,0,100,100,3,1,123456,5,0,"DynamicNetwork"
13,500,1,0,0,100,100,3,1,123456,5,0,"DynamicNetwork"
15,500,1,0,0,100,100,3,1,123456,5,0,"DynamicNetwork"
17,500,1,0,0,100,100,3,1,123456,5,0,"DynamicNetwork"
19,500,1,0,0,100,100,3,1,123456,5,0,"DynamicNetwork"
21,500,1,0,0,100,100,3,1,123456,5,0,"DynamicNetwork"
23,500,1,0,0,100,100,3,1,123456,5,0,"DynamicNetwork"
25,500,1,0,0,100,100,3,1,123456,5,0,"DynamicNetwork"
27,500,1,0,0,100,100,3,1,123456,5,0,"DynamicNetwork"
29,500,1,0,0,100,100,3,1,123456,5,0,"DynamicNetwork"
31,500,1,0,0,100,100,3,1,123456,5,0,"DynamicNetwork"
33,500,1,0,0,100,100,3,1,123456,5,0,"DynamicNetwork"
35,500,1,0,0,100,100,3,1,123456,5,0,"DynamicNetwork"
37,500,1,0,0,100,100,3,1,123456,5,0,"DynamicNetwork"
39,500,1,0,0,100,100,3,1,123456,5,0,"DynamicNetwork"
41,500,1,0,0,100,100,3,1,123456,5,0,"DynamicNetwork"
43,500,1,0,0,100,100,3,1,123456,5,0,"DynamicNetwork"
45,500,1,0,0,100,100,3,1,123456,5,0,"DynamicNetwork"
47,500,1,0,0,100,100,3,1,123456,5,0,"DynamicNetwork"
49,500,1,0,0,100,100,3,1,123456,5,0,"DynamicNetwork"
51,500,1,0,0,100,100,3,1,123456,5,0,"DynamicNetwork"
53,500,1,0,0,100,100,3,1,123456,5,0,"DynamicNetwork"
55,500,1,0,0,100,100,3,1,123456,5,0,"DynamicNetwork"
57,500,1,0,0,100,100,3,1,123456,5,0,"DynamicNetwork"
59,500,1,0,0,100,100,3,1,123456,5,0,"DynamicNetwork"
61,500,1,0,0,100,100,3,1,123456,5,0,"DynamicNetwork"
63,500,1,0,0,100,100,3,1,123456,5,0,"DynamicNetwork"
65,500,1,0,0,100,100,3,1,123456,5,0,"DynamicNetwork"
67,500,1,0,0,100,100,3,1,123456,5,0,"DynamicNetwork"
69,500,1,0,0,100,100,3,1,123456,5,0,"DynamicNetwork"
71,500,1,0,0,100,100,3,1,123456,5,0,"DynamicNetwork"
73,500,1,0,0,100,100,3,1,123456,5,0,"DynamicNetwork"
75,500,1,0,0,100,100,3,1,123456,5,0,"DynamicNetwork"
77,500,1,0,0,100,100,3,1,123456,5,0,"DynamicNetwork"
79,500,1,0,0,100,100,3,1,123456,5,0,"DynamicNetwork"
81,500,1,0,0,100,100,3,1,123456,5,0,"DynamicNetwork"
83,500,1,0,0,100,100,3,1,123456,5,0,"DynamicNetwork"
85,500,1,0,0,100,100,3,1,123456,5,0,"DynamicNetwork"
87,500,1,0,0,100,100,3,1,123456,5,0,"DynamicNetwork"
89,500,1,0,0,100,100,3,1,123456,5,0,"DynamicNetwork"
91,500,1,0,0,100,100,3,1,123456,5,0,"DynamicNetwork"
93,500,1,0,0,100,100,3,1,123456,5,0,"DynamicNetwork"
95,500,1,0,0,100,100,3,1,123456,5,0,"DynamicNetwork"
97,500,1,0,0,100,100,3,1,123456,5,0,"DynamicNetwork"
99,500,1,0,0,100,100,3,1,123456,5,0,"DynamicNetwork"
